A,0,0,-12.913951021468494	
A,0,1,8.065441725001087	
A,0,2,25.075016421995638	
A,0,3,30.31927362271624	
A,0,4,23.178643524252234	
A,0,5,15.57459378648771	
A,0,6,-39.148332845037054	
A,0,7,53.27286906694404	
A,0,8,7.29681682030661	
A,0,9,26.571082795934537	
A,1,0,22.23401666834969	
A,1,1,58.69096116011196	
A,1,2,75.6354127468814	
A,1,3,48.23024202905744	
A,1,4,-56.38782775078592	
A,1,5,32.089681550615005	
A,1,6,51.39932230645023	
A,1,7,61.281449029979065	
A,1,8,41.16538466193003	
A,1,9,-44.88222011085857	
A,10,0,32.68674309782736	
A,10,1,9.60317168289595	
A,10,2,23.5622802981592	
A,10,3,14.221376877428291	
A,10,4,9.736840900495244	
A,10,5,18.704523534905	
A,10,6,21.471366958530712	
A,10,7,13.672271916029274	
A,10,8,16.387094631134268	
A,10,9,21.770159085158923	
A,11,0,16.262706223915888	
A,11,1,-1.6198880559660123	
A,11,2,21.422387929297816	
A,11,3,1.532059805008587	
A,11,4,-5.44268862898076	
A,11,5,16.177996428345757	
A,11,6,30.4408786520253	
A,11,7,9.185560563200529	
A,11,8,10.710745361294066	
A,11,9,-18.820827130634044	
A,12,0,11.697037823251994	
A,12,1,36.65442959307265	
A,12,2,28.04384658629873	
A,12,3,50.551464033288994	
A,12,4,65.5512817431305	
A,12,5,40.885425467324325	
A,12,6,0.08561185126405235	
A,12,7,63.630920682514954	
A,12,8,41.38635094033056	
A,12,9,70.82597610024769	
A,13,0,51.07090999696278	
A,13,1,14.139831652368017	
A,13,2,36.867830554033446	
A,13,3,21.19621392226873	
A,13,4,13.30285053347406	
A,13,5,29.618080112404776	
A,13,6,33.52539377401718	
A,13,7,20.600104869953817	
A,13,8,26.404703076333842	
A,13,9,35.324884025939866	
A,14,0,-24.362875167678133	
A,14,1,83.99210534617015	
A,14,2,44.39760412811611	
A,14,3,28.594288257829504	
A,14,4,36.358677303792	
A,14,5,50.77254467509734	
A,14,6,32.0179859259903	
A,14,7,42.89973514777801	
A,14,8,46.001334583353454	
A,14,9,39.9844635489852	
A,15,0,6.019798384764356	
A,15,1,27.277697296458694	
A,15,2,3.6286098942610536	
A,15,3,35.76624658318387	
A,15,4,3.1928038819258653	
A,15,5,42.2282535785056	
A,15,6,20.33818382001614	
A,15,7,14.87267635860821	
A,15,8,31.681593187581516	
A,15,9,27.354949634885713	
A,16,0,23.664831458733318	
A,16,1,23.49031085201361	
A,16,2,25.4097999528068	
A,16,3,34.09573039954514	
A,16,4,40.02990836566943	
A,16,5,22.704884294696676	
A,16,6,10.900498319594183	
A,16,7,41.396836713725506	
A,16,8,32.34859155882406	
A,16,9,45.43892969168715	
A,17,0,-23.10843407556787	
A,17,1,-4.981670087980978	
A,17,2,24.25048319299024	
A,17,3,26.92699466089477	
A,17,4,-5.650012895295324	
A,17,5,5.357901409751761	
A,17,6,-57.54367927230956	
A,17,7,45.97898641076718	
A,17,8,-4.634781542641623	
A,17,9,-2.0053020105937245	
A,18,0,0.40041637807069547	
A,18,1,1.5706781678362491	
A,18,2,1.4066578907021312	
A,18,3,2.7402162085278357	
A,18,4,0.7495650702040767	
A,18,5,2.211373810522157	
A,18,6,0.34451157323699877	
A,18,7,0.518314763854711	
A,18,8,1.7308011827415428	
A,18,9,2.0250900898276325	
A,19,0,53.97384496504724	
A,19,1,77.38648621819812	
A,19,2,76.46441454056263	
A,19,3,61.4495403458211	
A,19,4,114.80232197813392	
A,19,5,83.36083228465975	
A,19,6,62.628276260830575	
A,19,7,90.41513762551341	
A,19,8,65.51443342698482	
A,19,9,90.25227633823873	
A,2,0,-12.877151814323124	
A,2,1,49.94761101421179	
A,2,2,26.425172235895467	
A,2,3,18.367348863191452	
A,2,4,31.241553148436285	
A,2,5,26.708172454571155	
A,2,6,25.883844462774498	
A,2,7,29.625923839510726	
A,2,8,28.8107425379688	
A,2,9,23.41279957441256	
A,20,0,-2.6296745740049943	
A,20,1,33.20774198844735	
A,20,2,21.387018397323843	
A,20,3,38.398237714966776	
A,20,4,55.18686855903289	
A,20,5,34.38923160991638	
A,20,6,-4.255885149158907	
A,20,7,52.7704103390966	
A,20,8,31.471581684412854	
A,20,9,57.71495418099471	
A,21,0,6.605511901429888	
A,21,1,-8.199747448971001	
A,21,2,8.942301564277	
A,21,3,-6.268270564183914	
A,21,4,-0.7796466276607852	
A,21,5,7.923676987363117	
A,21,6,19.239465443028735	
A,21,7,-0.310314050438957	
A,21,8,4.967286237406963	
A,21,9,-12.481066213788019	
A,22,0,29.670813527282604	
A,22,1,-2.9554365541546823	
A,22,2,39.08449607388005	
A,22,3,2.7951965780581536	
A,22,4,-9.930020082393439	
A,22,5,29.516263078317387	
A,22,6,55.53845846164453	
A,22,7,16.758776236976033	
A,22,8,19.541429573745404	
A,22,9,-34.338027418895365	
A,23,0,32.14604051675449	
A,23,1,49.326780564255344	
A,23,2,-8.098113626791287	
A,23,3,70.02435890909962	
A,23,4,22.068649316928322	
A,23,5,100.63155768231026	
A,23,6,51.48746181764985	
A,23,7,41.11354699428749	
A,23,8,81.30158532284084	
A,23,9,63.89169129226426	
A,24,0,64.88644833677118	
A,24,1,67.5754417346808	
A,24,2,76.24334945957132	
A,24,3,72.07343800697087	
A,24,4,98.18299894172007	
A,24,5,77.83618354319795	
A,24,6,59.59272348925211	
A,24,7,77.88490940435278	
A,24,8,64.68570916129444	
A,24,9,81.12263287439814	
A,25,0,49.93174110567823	
A,25,1,22.894657971333505	
A,25,2,37.12727674214444	
A,25,3,30.14822249765437	
A,25,4,25.874132781146862	
A,25,5,29.84574485605816	
A,25,6,32.9916230226502	
A,25,7,25.001137586406514	
A,25,8,27.916548699367933	
A,25,9,29.05142532560988	
A,26,0,-58.40135301998206	
A,26,1,-15.523461919045374	
A,26,2,-3.4126789216696736	
A,26,3,10.806012493429195	
A,26,4,-7.710353907559698	
A,26,5,-3.6804222057584037	
A,26,6,-68.17132864842839	
A,26,7,27.17432587826258	
A,26,8,-28.02812850725912	
A,26,9,-8.039370769222723	
A,27,0,81.04739582913271	
A,27,1,80.88549432228838	
A,27,2,72.73072257868498	
A,27,3,73.95179569151448	
A,27,4,115.28028324664459	
A,27,5,90.27071998883099	
A,27,6,81.06937444773928	
A,27,7,80.07384199772451	
A,27,8,82.3885921661909	
A,27,9,80.46448578932547	
A,28,0,78.74208000030667	
A,28,1,17.844544671875703	
A,28,2,55.7516770144851	
A,28,3,29.066833321104852	
A,28,4,17.607952263113653	
A,28,5,43.38305704551115	
A,28,6,51.60392842587372	
A,28,7,30.825195160360558	
A,28,8,35.82668173657039	
A,28,9,53.73572317046364	
A,29,0,-27.398633735372975	
A,29,1,45.68822574794493	
A,29,2,12.834487460626935	
A,29,3,6.871465880397911	
A,29,4,15.739909323496423	
A,29,5,30.830360034869976	
A,29,6,-13.55223354889684	
A,29,7,22.235996110698416	
A,29,8,28.083051764108163	
A,29,9,25.39033745613365	
A,3,0,23.872453990022372	
A,3,1,10.945976585939727	
A,3,2,17.75061686564899	
A,3,3,14.413918652124986	
A,3,4,12.370468777412926	
A,3,5,14.269303555152234	
A,3,6,15.773353486662518	
A,3,7,11.953088226315348	
A,3,8,13.346951450689406	
A,3,9,13.889537978705185	
A,30,0,11.33996377228683	
A,30,1,25.91002263190418	
A,30,2,18.10025381643369	
A,30,3,55.15515687937128	
A,30,4,34.78638994970794	
A,30,5,44.93376929949728	
A,30,6,-4.577454614215929	
A,30,7,29.012001701546794	
A,30,8,35.39823884000861	
A,30,9,50.44916427667971	
A,31,0,-25.091775105530065	
A,31,1,48.38840238527622	
A,31,2,18.66326104586167	
A,31,3,12.425899140282489	
A,31,4,24.92027638434005	
A,31,5,32.019223130878444	
A,31,6,-8.462266560755358	
A,31,7,32.30902080493779	
A,31,8,28.20527150223999	
A,31,9,34.9069328261753	
A,32,0,6.060201556019106	
A,32,1,20.214883806902417	
A,32,2,12.436194130220041	
A,32,3,40.1758701777901	
A,32,4,19.329727574148304	
A,32,5,33.94544071295219	
A,32,6,-2.737316054614531	
A,32,7,12.981851967763852	
A,32,8,27.868617377501607	
A,32,9,32.11705832210371	
A,33,0,6.813871305732951	
A,33,1,6.801008273419629	
A,33,2,3.1477376517159734	
A,33,3,3.0301361864026557	
A,33,4,9.920894602874135	
A,33,5,7.01979795414147	
A,33,6,8.842072186120797	
A,33,7,5.067243620260465	
A,33,8,6.626198911193939	
A,33,9,4.023099782099744	
A,34,0,-44.75033258531522	
A,34,1,32.185797903735235	
A,34,2,25.713694875747976	
A,34,3,26.23344911589224	
A,34,4,19.06982027039385	
A,34,5,17.391613151522794	
A,34,6,-26.455727273458294	
A,34,7,43.13173370251788	
A,34,8,18.546736430233196	
A,34,9,17.623033987694367	
A,35,0,-2.2837662908108065	
A,35,1,60.920729160753055	
A,35,2,78.32654241333643	
A,35,3,48.595098049909744	
A,35,4,-76.58818945825222	
A,35,5,27.855507014612233	
A,35,6,39.81643489036298	
A,35,7,60.297780139521365	
A,35,8,35.09117981864852	
A,35,9,-66.25342496541121	
A,36,0,-36.4213973097017	
A,36,1,-6.185811413112862	
A,36,2,4.77539738295824	
A,36,3,9.294824546129759	
A,36,4,-5.076486976023042	
A,36,5,-2.8061160123922195	
A,36,6,-44.289983706363415	
A,36,7,19.41405062355029	
A,36,8,-13.717688806958671	
A,36,9,-5.680972161420155	
A,37,0,-24.485540993445404	
A,37,1,60.78467873605767	
A,37,2,26.156399991190646	
A,37,3,15.693680734663797	
A,37,4,27.64644084827637	
A,37,5,38.47577353729413	
A,37,6,6.387002527365263	
A,37,7,34.021166501547576	
A,37,8,37.20001833300846	
A,37,9,32.03185988135269	
A,38,0,14.07074977649431	
A,38,1,48.771199668039394	
A,38,2,64.1055916228567	
A,38,3,48.8374869359732	
A,38,4,-40.44488720624464	
A,38,5,30.282651013381717	
A,38,6,28.70341361654145	
A,38,7,51.827949700152814	
A,38,8,41.229186570575436	
A,38,9,-28.945676462897218	
A,39,0,1.2126973092720825	
A,39,1,61.887039376037194	
A,39,2,40.565931291240624	
A,39,3,30.541145333350755	
A,39,4,32.59742413151888	
A,39,5,38.997037930956	
A,39,6,44.59743212831755	
A,39,7,34.639973490216725	
A,39,8,43.03225705510551	
A,39,9,27.753151058154014	
A,4,0,48.098285003313734	
A,4,1,44.03646774358156	
A,4,2,41.73155480507852	
A,4,3,38.9450213141579	
A,4,4,69.906846266775	
A,4,5,45.00229012901783	
A,4,6,46.54966992205236	
A,4,7,48.34512593252713	
A,4,8,46.66030559949479	
A,4,9,52.66153832233472	
A,40,0,-14.441574502855385	
A,40,1,66.07852434341936	
A,40,2,31.236899869633135	
A,40,3,16.282488251768523	
A,40,4,26.76123431126922	
A,40,5,42.206979921640595	
A,40,6,11.75714841417634	
A,40,7,37.442202125423705	
A,40,8,36.23306741231243	
A,40,9,32.16091074126547	
A,41,0,-19.548799045440138	
A,41,1,6.746882760789835	
A,41,2,14.390063082511357	
A,41,3,21.254917248838037	
A,41,4,11.519540799469477	
A,41,5,5.214958861855623	
A,41,6,-23.184264208704956	
A,41,7,31.455340092162132	
A,41,8,1.9282126347585382	
A,41,9,13.310123878617489	
A,42,0,4.809850583483719	
A,42,1,91.50579235482546	
A,42,2,67.9470412240074	
A,42,3,64.4444904335847	
A,42,4,137.6289841059442	
A,42,5,88.11941364696513	
A,42,6,25.96255094609367	
A,42,7,120.2595431942643	
A,42,8,72.17273655512919	
A,42,9,123.57732769061093	
A,43,0,3.9622056407566895	
A,43,1,22.53754010115092	
A,43,2,38.59684822223187	
A,43,3,28.866154393918777	
A,43,4,9.847255590054965	
A,43,5,22.097306942215837	
A,43,6,4.972661317200274	
A,43,7,27.938756968362892	
A,43,8,17.61388524574544	
A,43,9,1.9766642304521782	
A,44,0,3.419458642237999	
A,44,1,14.35119676881532	
A,44,2,10.680145173828365	
A,44,3,29.748511426133426	
A,44,4,11.7779220469777	
A,44,5,23.75490879160919	
A,44,6,-4.013482615519647	
A,44,7,11.406183879373527	
A,44,8,19.961407384265136	
A,44,9,20.897543648990215	
A,45,0,12.845762275581407	
A,45,1,24.641348191427902	
A,45,2,2.110865508511136	
A,45,3,34.15942102289445	
A,45,4,8.694253067669926	
A,45,5,41.257631840267706	
A,45,6,18.624167539890635	
A,45,7,16.31243602547275	
A,45,8,34.12039002740312	
A,45,9,29.24456166140077	
A,46,0,-29.96122244916783	
A,46,1,43.06012705148733	
A,46,2,13.50747461947796	
A,46,3,7.401878202411608	
A,46,4,18.728353173290692	
A,46,5,26.02328986533113	
A,46,6,-6.279385575187821	
A,46,7,22.377204619699203	
A,46,8,26.732321513990485	
A,46,9,23.092621650468597	
A,47,0,35.29921870278551	
A,47,1,73.92670402176834	
A,47,2,129.4998419341346	
A,47,3,87.3847169909431	
A,47,4,-15.839906577750224	
A,47,5,53.07825682238845	
A,47,6,77.5464907617245	
A,47,7,71.06230807467352	
A,47,8,73.3894574071613	
A,47,9,-10.345645435476008	
A,48,0,24.603457162727707	
A,48,1,38.12903719848025	
A,48,2,27.581558125974215	
A,48,3,46.85087109981447	
A,48,4,63.3568345103741	
A,48,5,46.72972832493818	
A,48,6,12.610762004357504	
A,48,7,52.737168903598935	
A,48,8,47.24698401393697	
A,48,9,60.94265732746938	
A,49,0,30.252668372588175	
A,49,1,27.0747728276437	
A,49,2,36.36704768193627	
A,49,3,-5.997557084065297	
A,49,4,79.15915498915203	
A,49,5,14.766732495605149	
A,49,6,42.412793229937876	
A,49,7,13.166302617967204	
A,49,8,24.11164281793429	
A,49,9,63.26881420308325	
A,5,0,-32.353991028597214	
A,5,1,63.58502579349522	
A,5,2,18.25535102583221	
A,5,3,11.634334629588647	
A,5,4,46.55010321477091	
A,5,5,28.10756583392281	
A,5,6,25.496927455624082	
A,5,7,27.962870783158337	
A,5,8,28.525332019977913	
A,5,9,30.938535823804592	
A,50,0,0.4208245979524448	
A,50,1,-11.225118787179083	
A,50,2,0.911781902833714	
A,50,3,-10.177888015189598	
A,50,4,1.9811522482941453	
A,50,5,2.424269078034566	
A,50,6,10.982364561298626	
A,50,7,-5.754820475054239	
A,50,8,1.191834789599207	
A,50,9,-7.6587470371092365	
A,51,0,-0.41009738525656303	
A,51,1,13.946288329672274	
A,51,2,20.10902131887572	
A,51,3,27.847885527813958	
A,51,4,-2.2486536452673125	
A,51,5,16.61769328579516	
A,51,6,-6.176436793179326	
A,51,7,14.155526643423663	
A,51,8,17.15561223467269	
A,51,9,7.609952464752981	
A,52,0,28.40972631511192	
A,52,1,15.85897675440783	
A,52,2,-2.8328524458946758	
A,52,3,29.71445318815193	
A,52,4,11.867424616390414	
A,52,5,41.10870911192243	
A,52,6,23.10873081706035	
A,52,7,18.84798862907499	
A,52,8,29.322541163386177	
A,52,9,33.65224171841794	
A,53,0,8.358405033917315	
A,53,1,22.10373390756295	
A,53,2,-3.0316666278445155	
A,53,3,37.102198993304384	
A,53,4,13.806304527635927	
A,53,5,43.33875016459987	
A,53,6,10.125532643013834	
A,53,7,20.247995662621136	
A,53,8,31.66998795573884	
A,53,9,32.15414096995675	
A,54,0,23.74475894289901	
A,54,1,-2.3651568732656214	
A,54,2,31.278277450182205	
A,54,3,2.236921103729698	
A,54,4,-7.946729635093116	
A,54,5,23.62107634984097	
A,54,6,44.44594372241793	
A,54,7,13.411600647858094	
A,54,8,15.638483730874578	
A,54,9,-27.479805462246812	
A,55,0,39.48840650287778	
A,55,1,9.76977955470117	
A,55,2,28.09556102830537	
A,55,3,15.398687344556055	
A,55,4,9.8255880284271	
A,55,5,21.954937986827098	
A,55,6,25.897801591593677	
A,55,7,15.824526132130664	
A,55,8,18.40468208691682	
A,55,9,26.646424948064762	
A,56,0,39.86135885785707	
A,56,1,25.23512694345854	
A,56,2,34.5135103653401	
A,56,3,-21.191854361860823	
A,56,4,87.06975857505549	
A,56,5,7.93211454342322	
A,56,6,58.278613096786685	
A,56,7,-5.65086181491909	
A,56,8,23.488750379244888	
A,56,9,60.799425875469645	
A,57,0,-21.12821281603987	
A,57,1,59.81232951409862	
A,57,2,26.215705200845854	
A,57,3,19.486592879696637	
A,57,4,43.200788685179035	
A,57,5,32.04613232151204	
A,57,6,26.883160682180222	
A,57,7,32.35615976520728	
A,57,8,32.95292355141471	
A,57,9,32.39089846644919	
A,58,0,20.432537194786146	
A,58,1,30.258728014179283	
A,58,2,24.442417628500245	
A,58,3,52.7857276061161	
A,58,4,61.88106805437419	
A,58,5,40.6070021797395	
A,58,6,-0.2691012216742532	
A,58,7,59.40930205837124	
A,58,8,40.48903982909673	
A,58,9,68.5417109891604	
A,59,0,14.409983553242641	
A,59,1,-2.248928959010321	
A,59,2,-32.05664275643555	
A,59,3,9.365174264909278	
A,59,4,-29.561546484531647	
A,59,5,33.486555831775135	
A,59,6,9.874453519580019	
A,59,7,9.741687800896173	
A,59,8,20.919984888510932	
A,59,9,7.361482731557847	
A,6,0,12.604945650649217	
A,6,1,41.359655888636944	
A,6,2,22.54641762177666	
A,6,3,26.16133234390599	
A,6,4,55.59253121565902	
A,6,5,40.75970410264375	
A,6,6,22.938392051438246	
A,6,7,38.55419406787958	
A,6,8,38.848012871662675	
A,6,9,39.43054962726798	
A,60,0,-25.47626277125393	
A,60,1,-68.99971907489683	
A,60,2,-44.643808549376004	
A,60,3,-24.58669959795803	
A,60,4,8.349164787670858	
A,60,5,6.488681580625186	
A,60,6,-99.34903466744395	
A,60,7,70.72597697025934	
A,60,8,-49.843856178610096	
A,60,9,16.764645323715133	
A,61,0,3.0344445925822012	
A,61,1,10.85975353413619	
A,61,2,5.471502495059897	
A,61,3,9.997446593943684	
A,61,4,5.885242445715594	
A,61,5,9.117764136359382	
A,61,6,2.204113771443356	
A,61,7,2.61020320480665	
A,61,8,17.2413959029902	
A,61,9,6.542712213720859	
A,62,0,22.816246711253484	
A,62,1,20.54569755218009	
A,62,2,17.070925507160368	
A,62,3,33.759073299926925	
A,62,4,34.137421261024244	
A,62,5,27.393537241325934	
A,62,6,10.248917622804287	
A,62,7,35.5308592762769	
A,62,8,30.62452660728929	
A,62,9,42.53191893511897	
A,63,0,-1.6920451272084123	
A,63,1,14.517966293713872	
A,63,2,19.70162391405933	
A,63,3,29.825148520091833	
A,63,4,-0.8975950204140262	
A,63,5,16.467908259939573	
A,63,6,-14.842329992257396	
A,63,7,22.364845594014895	
A,63,8,23.8984102906428	
A,63,9,3.42151985939953	
A,64,0,-30.777587999188352	
A,64,1,57.024664722324346	
A,64,2,56.05888447332275	
A,64,3,77.234068747539	
A,64,4,51.13657158920964	
A,64,5,52.4855773630417	
A,64,6,-39.469881197262254	
A,64,7,99.38563446587347	
A,64,8,55.00572840128875	
A,64,9,56.701143110098826	
A,65,0,38.4824532578627	
A,65,1,40.207126156981865	
A,65,2,40.16149899641985	
A,65,3,53.11264504583429	
A,65,4,60.74226709053107	
A,65,5,54.07343201760233	
A,65,6,27.331411390076816	
A,65,7,45.43449643326934	
A,65,8,44.72011468281522	
A,65,9,52.472950934179366	
A,66,0,17.49791429605723	
A,66,1,-1.7429240854647219	
A,66,2,23.049491446417143	
A,66,3,1.6484249789282215	
A,66,4,-5.856079416227615	
A,66,5,17.406770502243692	
A,66,6,32.752967336180525	
A,66,7,9.883235255136052	
A,66,8,11.524263046897023	
A,66,9,-20.250333221197742	
A,67,0,58.280056590285014	
A,67,1,47.92499210020012	
A,67,2,50.69715679337229	
A,67,3,34.75569317019397	
A,67,4,88.16843956423793	
A,67,5,44.840719198276034	
A,67,6,59.096464896006665	
A,67,7,46.02348322424627	
A,67,8,50.76938506302773	
A,67,9,66.91727430285022	
A,68,0,5.650964414226159	
A,68,1,16.89344192411342	
A,68,2,5.928152052377482	
A,68,3,37.168867377451555	
A,68,4,23.595246537888926	
A,68,5,32.31646276969983	
A,68,6,-8.392109740306541	
A,68,7,16.21688247970483	
A,68,8,28.111200390351645	
A,68,9,30.892431146196408	
A,69,0,50.67976026779084	
A,69,1,18.66226726299855	
A,69,2,36.982434656882724	
A,69,3,25.970238212353475	
A,69,4,20.449785781109036	
A,69,5,29.369897657904083	
A,69,6,33.379705886691674	
A,69,7,23.220448763488235	
A,69,8,26.28073828989976	
A,69,9,31.47156378326907	
A,7,0,6.893032759459215	
A,7,1,37.46676161405212	
A,7,2,25.23566625379164	
A,7,3,53.089312020795504	
A,7,4,68.6361885752382	
A,7,5,44.817790057126935	
A,7,6,-4.906462981961023	
A,7,7,65.0096789340483	
A,7,8,41.50010716054078	
A,7,9,73.54788177580788	
A,70,0,-20.705630073362688	
A,70,1,-13.98724904394934	
A,70,2,16.303855993583117	
A,70,3,20.00421696533273	
A,70,4,-0.3008311304262643	
A,70,5,4.577164528544631	
A,70,6,-64.14166588635287	
A,70,7,43.39808007717201	
A,70,8,-13.878353791070083	
A,70,9,2.6275096337666892	
A,71,0,55.014927625179936	
A,71,1,12.655760811808879	
A,71,2,38.98101122762033	
A,71,3,20.49869813941525	
A,71,4,12.541343559527055	
A,71,5,30.34852797176098	
A,71,6,36.05861506809024	
A,71,7,21.625400295114265	
A,71,8,25.115637220811436	
A,71,9,37.461997418896	
A,72,0,14.988518883793544	
A,72,1,41.512831118670505	
A,72,2,71.40054401712487	
A,72,3,50.21701883097509	
A,72,4,-45.585468321774215	
A,72,5,36.524510392809624	
A,72,6,25.7025266919036	
A,72,7,48.701377340374066	
A,72,8,35.53380101719294	
A,72,9,-16.09124991111026	
A,73,0,-17.299258111874515	
A,73,1,36.337029405897205	
A,73,2,21.138783355627663	
A,73,3,24.094740053745227	
A,73,4,43.69209225806648	
A,73,5,26.12018093670159	
A,73,6,-2.307438099181484	
A,73,7,41.56739189257048	
A,73,8,27.609665185888705	
A,73,9,42.9284835044501	
A,74,0,-10.490447208962047	
A,74,1,63.93151893423444	
A,74,2,36.76533002634263	
A,74,3,27.56552950685211	
A,74,4,35.39902384862529	
A,74,5,40.792265150214114	
A,74,6,28.505346143849295	
A,74,7,38.44566534744315	
A,74,8,43.37186796524484	
A,74,9,34.21242717712184	
A,75,0,-60.49752232160109	
A,75,1,20.51547097559146	
A,75,2,13.121948412103967	
A,75,3,24.646484351976518	
A,75,4,24.402701659402243	
A,75,5,11.366237693638634	
A,75,6,-39.58639989018034	
A,75,7,43.35023529427677	
A,75,8,-0.7278253966585542	
A,75,9,22.161630891291523	
A,76,0,5.602607614537451	
A,76,1,21.182539618375824	
A,76,2,15.187684241608341	
A,76,3,42.1281031923123	
A,76,4,17.38408318065597	
A,76,5,34.441904733612276	
A,76,6,-3.1429894794878237	
A,76,7,14.093281602317283	
A,76,8,28.449066629683298	
A,76,9,31.364386540828484	
A,77,0,-52.78042762053874	
A,77,1,-7.506244388327649	
A,77,2,-4.127245488073099	
A,77,3,-9.845324947032129	
A,77,4,-40.19254898449072	
A,77,5,-17.20745457350742	
A,77,6,-28.557245053851844	
A,77,7,-8.403115809853094	
A,77,8,-27.20322213966414	
A,77,9,-43.85710195444763	
A,78,0,-12.611496528168463	
A,78,1,28.933457641403734	
A,78,2,15.609932623328863	
A,78,3,23.01561210410771	
A,78,4,37.2561961633044	
A,78,5,24.1079589280043	
A,78,6,-3.9978664859685153	
A,78,7,34.43121149627162	
A,78,8,23.866536258661498	
A,78,9,37.11799064034548	
A,79,0,-53.08207496693701	
A,79,1,3.4291367358781155	
A,79,2,5.8364128715663055	
A,79,3,3.0447339684307337	
A,79,4,5.615384402352478	
A,79,5,0.8540987641569397	
A,79,6,-45.58657938394927	
A,79,7,26.832460893516096	
A,79,8,-16.063628084863232	
A,79,9,1.8428265976820617	
A,8,0,27.961005814050605	
A,8,1,6.038087087915978	
A,8,2,-1.2016593259622708	
A,8,3,15.527412252346586	
A,8,4,7.69178991938388	
A,8,5,37.00088627755228	
A,8,6,34.759954274314055	
A,8,7,10.616700090721961	
A,8,8,26.58282276726096	
A,8,9,21.66634242920641	
A,80,0,22.177190831880228	
A,80,1,3.572187485543804	
A,80,2,25.12432898703841	
A,80,3,31.401632280492215	
A,80,4,31.398032956405324	
A,80,5,24.769864396993736	
A,80,6,-18.426933947176337	
A,80,7,53.37209034067186	
A,80,8,11.908456794687595	
A,80,9,44.20799158396271	
A,81,0,4.675714770278954	
A,81,1,-5.738506573144283	
A,81,2,5.188366543375052	
A,81,3,-4.350318887473568	
A,81,4,-0.44596818033218755	
A,81,5,8.940823022044283	
A,81,6,17.24583143671607	
A,81,7,-0.2577171522616326	
A,81,8,5.911605480757414	
A,81,9,-8.132106666666791	
A,82,0,2.4393028385649913	
A,82,1,60.72467456737566	
A,82,2,87.06239995525098	
A,82,3,57.05234591234439	
A,82,4,-76.67485644139013	
A,82,5,29.479139715542978	
A,82,6,32.38802108638474	
A,82,7,71.22393534925355	
A,82,8,40.02386163248028	
A,82,9,-64.51251233777589	
A,83,0,-12.649800069250235	
A,83,1,2.118244456041902	
A,83,2,19.26053007128725	
A,83,3,26.697691610239197	
A,83,4,21.27466283836981	
A,83,5,9.830513419793217	
A,83,6,-36.27096312410322	
A,83,7,46.8657871957286	
A,83,8,0.2874933994902795	
A,83,9,24.640698516850563	
A,84,0,4.026344752099693	
A,84,1,14.409593030023618	
A,84,2,7.260028873467726	
A,84,3,13.265414938312691	
A,84,4,7.809012263419482	
A,84,5,12.098181614867928	
A,84,6,2.9245951428395416	
A,84,7,3.4634272121092806	
A,84,8,22.877268572501443	
A,84,9,8.681395946596089	
A,85,0,20.392349666156626	
A,85,1,53.97935724560975	
A,85,2,41.12433299339555	
A,85,3,43.26936220859375	
A,85,4,86.89276132376642	
A,85,5,61.20717712391665	
A,85,6,23.744146338386138	
A,85,7,70.41184043126758	
A,85,8,49.16420209205656	
A,85,9,75.02812063845154	
A,86,0,-31.11326830378161	
A,86,1,36.63322725088464	
A,86,2,29.911519701181042	
A,86,3,30.820434660491454	
A,86,4,51.49129302870242	
A,86,5,24.648168119116605	
A,86,6,-17.478467169491704	
A,86,7,63.41490651892464	
A,86,8,20.077662949449593	
A,86,9,51.22472461708975	
A,87,0,2.838414203344865	
A,87,1,11.13399816948291	
A,87,2,9.971314748546904	
A,87,3,19.424451726967085	
A,87,4,5.313409386123583	
A,87,5,15.67566956909727	
A,87,6,2.4421242392835767	
A,87,7,3.6741553745056987	
A,87,8,12.269055236777355	
A,87,9,14.35516824190652	
A,88,0,51.72205491432414	
A,88,1,20.525881478989728	
A,88,2,47.39123088622255	
A,88,3,12.487975964024857	
A,88,4,26.364215830577475	
A,88,5,52.48912797866717	
A,88,6,83.76499289109647	
A,88,7,33.031291197086475	
A,88,8,41.7669789360001	
A,88,9,-18.0419745868508	
A,89,0,-25.05088647098627	
A,89,1,47.93100809803379	
A,89,2,12.310828394266156	
A,89,3,6.303948186679918	
A,89,4,23.431200386782965	
A,89,5,17.916474217457832	
A,89,6,21.26224805097413	
A,89,7,12.932471670716271	
A,89,8,19.603436517703184	
A,89,9,9.153577970282182	
A,9,0,3.61027080169144	
A,9,1,43.07514347973253	
A,9,2,28.48420448078933	
A,9,3,56.76805103113078	
A,9,4,76.03956353227429	
A,9,5,48.912491587927484	
A,9,6,-5.611750330767193	
A,9,7,72.22457085759847	
A,9,8,45.152877573440506	
A,9,9,80.7822164896223	
A,90,0,3.2616926536076054	
A,90,1,19.04949409884578	
A,90,2,18.298297281348653	
A,90,3,36.77528418095976	
A,90,4,8.797740537253759	
A,90,5,27.426830161312004	
A,90,6,-3.5516927790484774	
A,90,7,13.763603868611728	
A,90,8,24.48952472062793	
A,90,9,21.666030693789466	
A,91,0,22.148290928722567	
A,91,1,-10.67043987939421	
A,91,2,29.44583620239986	
A,91,3,-5.64688836122326	
A,91,4,-5.806349711141099	
A,91,5,23.550943354823048	
A,91,6,49.17373744788975	
A,91,7,7.974285734599983	
A,91,8,15.279334583508472	
A,91,9,-31.060325326661722	
A,92,0,-7.2185346868996705	
A,92,1,27.622209329044143	
A,92,2,13.174149231570574	
A,92,3,30.989231098936397	
A,92,4,41.13955847943005	
A,92,5,30.117514912064333	
A,92,6,-7.30686814164925	
A,92,7,36.26352530629755	
A,92,8,27.757855908304105	
A,92,9,42.36317986144759	
A,93,0,4.407047089171748	
A,93,1,11.810796470525263	
A,93,2,3.251377869230857	
A,93,3,33.7743818539852	
A,93,4,21.69848980728426	
A,93,5,29.275633779775255	
A,93,6,-9.490445098052868	
A,93,7,15.13979177070078	
A,93,8,19.662743720063556	
A,93,9,29.536494966831327	
A,94,0,-21.174732968628444	
A,94,1,31.439866149931344	
A,94,2,11.4432089132681	
A,94,3,7.8912791657846295	
A,94,4,15.697797661335265	
A,94,5,17.728301427875557	
A,94,6,0.4002403297838373	
A,94,7,15.94625042089026	
A,94,8,22.452910435521936	
A,94,9,16.23116199213021	
A,95,0,41.86600460961577	
A,95,1,38.37820758091486	
A,95,2,45.87596028468204	
A,95,3,48.470818120283354	
A,95,4,61.543768029880496	
A,95,5,40.634190869796484	
A,95,6,30.404941135862444	
A,95,7,57.05690448560464	
A,95,8,42.78991599562217	
A,95,9,59.786153845971484	
A,96,0,-8.514841037134733	
A,96,1,31.617415657855087	
A,96,2,8.87516569846171	
A,96,3,11.190889252780526	
A,96,4,17.722572698928047	
A,96,5,27.569490104809052	
A,96,6,-15.253536033880586	
A,96,7,23.366708681105287	
A,96,8,23.55361143072267	
A,96,9,27.58612668228366	
A,97,0,-33.03534638127218	
A,97,1,51.13080269181777	
A,97,2,44.21600725932255	
A,97,3,38.95354925367825	
A,97,4,47.294516554670736	
A,97,5,31.847230940718344	
A,97,6,-14.895232375725765	
A,97,7,73.40965304892559	
A,97,8,35.10641757983694	
A,97,9,47.46210796314346	
A,98,0,2.4734376806298712	
A,98,1,-9.276204356137248	
A,98,2,6.7276184143777575	
A,98,3,-8.73923232915956	
A,98,4,-1.9468092892497948	
A,98,5,7.313781451808314	
A,98,6,19.69358090090342	
A,98,7,-2.2337524660155754	
A,98,8,5.964745254762754	
A,98,9,-12.832263802549267	
A,99,0,31.40886307557337	
A,99,1,30.16033208144669	
A,99,2,32.97606355198058	
A,99,3,45.67356413918284	
A,99,4,54.008290202540174	
A,99,5,30.40707694112208	
A,99,6,13.47549003566364	
A,99,7,55.933365387613705	
A,99,8,41.573627211939446	
A,99,9,61.299401154256785	
